Saving PNG...
0 0 0
1 0 4
2 0 8
3 0 12
4 0 16
5 0 20
6 0 24
7 0 28
8 0 32
9 0 36
10 0 40
11 0 44
12 0 48
13 0 52
14 0 56
15 0 60
16 0 64
17 0 68
18 0 72
19 0 76
20 0 80
21 0 84
22 0 88
23 0 92
24 0 96
25 0 100
26 0 104
27 0 108
28 0 112
29 0 116
30 0 120
31 0 124
32 0 128
33 0 132
34 0 136
35 0 140
36 0 144
37 0 148
38 0 152
39 0 156
40 0 160
41 0 164
42 0 168
43 0 172
44 0 176
45 0 180
46 0 184
47 0 188
48 0 192
49 0 196
50 0 200
51 0 204
52 0 208
53 0 212
54 0 216
55 0 220
56 0 224
57 0 228
58 0 232
59 0 236
60 0 240
61 0 244
62 0 248
63 0 252
64 0 256
65 0 260
66 0 264
67 0 268
68 0 272
69 0 276
70 0 280
71 0 284
72 0 288
73 0 292
74 0 296
75 0 300
76 0 304
77 0 308
78 0 312
79 0 316
80 0 320
81 0 324
82 0 328
83 0 332
84 0 336
85 0 340
86 0 344
87 0 348
88 0 352
89 0 356
90 0 360
91 0 364
92 0 368
93 0 372
94 0 376
95 0 380
96 0 384
97 0 388
98 0 392
99 0 396
100 0 400
101 0 404
102 0 408
103 0 412
104 0 416
105 0 420
106 0 424
107 0 428
108 0 432
109 0 436
110 0 440
111 0 444
112 0 448
113 0 452
114 0 456
115 0 460
116 0 464
117 0 468
118 0 472
119 0 476
120 0 480
121 0 484
122 0 488
123 0 492
124 0 496
125 0 500
126 0 504
127 0 508
128 0 512
129 0 516
130 0 520
131 0 524
132 0 528
133 0 532
134 0 536
135 0 540
136 0 544
137 0 548
138 0 552
139 0 556
140 0 560
141 0 564
142 0 568
143 0 572
144 0 576
145 0 580
146 0 584
147 0 588
148 0 592
149 0 596
150 0 600
151 0 604
152 0 608
153 0 612
154 0 616
155 0 620
156 0 624
157 0 628
158 0 632
159 0 636
160 0 640
161 0 644
162 0 648
163 0 652
164 0 656
165 0 660
166 0 664
167 0 668
168 0 672
169 0 676
170 0 680
171 0 684
172 0 688
173 0 692
174 0 696
175 0 700
176 0 704
177 0 708
178 0 712
179 0 716
180 0 720
181 0 724
182 0 728
183 0 732
184 0 736
185 0 740
186 0 744
187 0 748
188 0 752
189 0 756
190 0 760
191 0 764
192 0 768
193 0 772
194 0 776
195 0 780
196 0 784
197 0 788
198 0 792
199 0 796
200 0 800
201 0 804
202 0 808
203 0 812
204 0 816
205 0 820
206 0 824
207 0 828
208 0 832
209 0 836
210 0 840
211 0 844
212 0 848
213 0 852
214 0 856
215 0 860
216 0 864
217 0 868
218 0 872
219 0 876
220 0 880
221 0 884
222 0 888
223 0 892
224 0 896
225 0 900
226 0 904
227 0 908
228 0 912
229 0 916
230 0 920
231 0 924
232 0 928
233 0 932
234 0 936
235 0 940
236 0 944
237 0 948
238 0 952
239 0 956
240 0 960
241 0 964
242 0 968
243 0 972
244 0 976
245 0 980
246 0 984
247 0 988
248 0 992
249 0 996
250 0 1000
251 0 1004
252 0 1008
253 0 1012
254 0 1016
255 0 1020
256 0 1024
257 0 1028
258 0 1032
259 0 1036
260 0 1040
261 0 1044
262 0 1048
263 0 1052
264 0 1056
265 0 1060
266 0 1064
267 0 1068
268 0 1072
269 0 1076
270 0 1080
271 0 1084
272 0 1088
273 0 1092
274 0 1096
275 0 1100
276 0 1104
277 0 1108
278 0 1112
279 0 1116
280 0 1120
281 0 1124
282 0 1128
283 0 1132
284 0 1136
285 0 1140
286 0 1144
287 0 1148
288 0 1152
289 0 1156
290 0 1160
291 0 1164
292 0 1168
293 0 1172
294 0 1176
295 0 1180
296 0 1184
297 0 1188
298 0 1192
299 0 1196
300 0 1200
301 0 1204
302 0 1208
303 0 1212
304 0 1216
305 0 1220
306 0 1224
307 0 1228
308 0 1232
309 0 1236
310 0 1240
311 0 1244
312 0 1248
313 0 1252
314 0 1256
315 0 1260
316 0 1264
317 0 1268
318 0 1272
319 0 1276
320 0 1280
321 0 1284
322 0 1288
323 0 1292
324 0 1296
325 0 1300
326 0 1304
327 0 1308
328 0 1312
329 0 1316
330 0 1320
331 0 1324
332 0 1328
333 0 1332
334 0 1336
335 0 1340
336 0 1344
337 0 1348
338 0 1352
339 0 1356
340 0 1360
341 0 1364
342 0 1368
343 0 1372
344 0 1376
345 0 1380
346 0 1384
347 0 1388
348 0 1392
349 0 1396
350 0 1400
351 0 1404
352 0 1408
353 0 1412
354 0 1416
355 0 1420
356 0 1424
357 0 1428
358 0 1432
359 0 1436
360 0 1440
361 0 1444
362 0 1448
363 0 1452
364 0 1456
365 0 1460
366 0 1464
367 0 1468
368 0 1472
369 0 1476
370 0 1480
371 0 1484
372 0 1488
373 0 1492
374 0 1496
375 0 1500
376 0 1504
377 0 1508
378 0 1512
379 0 1516
380 0 1520
381 0 1524
382 0 1528
383 0 1532
384 0 1536
385 0 1540
386 0 1544
387 0 1548
388 0 1552
389 0 1556
390 0 1560
391 0 1564
392 0 1568
393 0 1572
394 0 1576
395 0 1580
396 0 1584
397 0 1588
398 0 1592
399 0 1596
400 0 1600
401 0 1604
402 0 1608
403 0 1612
404 0 1616
405 0 1620
406 0 1624
407 0 1628
408 0 1632
409 0 1636
410 0 1640
411 0 1644
412 0 1648
413 0 1652
414 0 1656
415 0 1660
416 0 1664
417 0 1668
418 0 1672
419 0 1676
420 0 1680
421 0 1684
422 0 1688
423 0 1692
424 0 1696
425 0 1700
426 0 1704
427 0 1708
428 0 1712
429 0 1716
430 0 1720
431 0 1724
432 0 1728
433 0 1732
434 0 1736
435 0 1740
436 0 1744
437 0 1748
438 0 1752
439 0 1756
440 0 1760
441 0 1764
442 0 1768
443 0 1772
444 0 1776
445 0 1780
446 0 1784
447 0 1788
448 0 1792
449 0 1796
450 0 1800
451 0 1804
452 0 1808
453 0 1812
454 0 1816
455 0 1820
456 0 1824
457 0 1828
458 0 1832
459 0 1836
460 0 1840
461 0 1844
462 0 1848
463 0 1852
464 0 1856
465 0 1860
466 0 1864
467 0 1868
468 0 1872
469 0 1876
470 0 1880
471 0 1884
472 0 1888
473 0 1892
474 0 1896
475 0 1900
476 0 1904
477 0 1908
478 0 1912
479 0 1916
480 0 1920
481 0 1924
482 0 1928
483 0 1932
484 0 1936
485 0 1940
486 0 1944
487 0 1948
488 0 1952
489 0 1956
490 0 1960
491 0 1964
492 0 1968
493 0 1972
494 0 1976
495 0 1980
496 0 1984
497 0 1988
498 0 1992
499 0 1996
0 2001 0
